06081415242506
01161822283012
22232627283309
06101620273208
01131425313212
09101317223013
02091522263201
03081721253215
01040913162302
01091117323312
03121724272909
06141722282902
05061319222809
02040517192008
05060711131815
02050612142805
04061230313209
02081328293005
01020516202606
01070812162101
01061719263111
02040709152007
03061518303205
04051323273009
16171824253008
04111415223111
01020412212412
07081425262813
06071019232912
07141825262906
03131415213303
04212529303303
05061317192801
06152022263309
01141517263002
04050927293113
02151827283214
09101214151911
01021415242906
02041012173010
02101217232405
01081213153303
03061415172516
03051118262806
06070814233112
03161920242606
01081117273012
10131728303204
10131416213214
03071318222503
08121519282902
06071421222413
03121322303314
03040814212814
08181922273206
03122526282916
13161923262805
08111721232405
03101824272909
05071013192015
05060712131812
01060719222702
10151820233112
01091322253212
07181923293002
01031617203207
01040915223006
02071320252706
07161718303306
02030910283006
05122123262809
02081114193309
02091317202811
03060814193203
04060925303314
14232426293003
09142324262903
03051718262715
07131719222613
10111223283216
01041013213113
04131420223006
05061214192309
05070911202103
02081214163216
02041113162611
02131923242805
09152021222414
04081219212513
02051123242908
04142425283110
07111521263106
01020826293114
02041418202207
01061519282910
01022228293015
05141722232507
07151819202614
05112021263103
04081114162011
05070923273201
02040506081603
02040913182007
01020415172811
01112327313209
09112330313206
07091117283111
16212228313205
09232427293208
15171821293213
01020306083313
01061213223107
04071117243309
04061721233307
03121617182708
12152126323307
09121324273316
02031722323316
05152022263209
05061318233111
04050607252707
07101315262711
01020611172502
03091523253007
04060818252816
04101927313316
02031320223314
07131719253108
05061014273114
01031516313308
04061217192609
20212223252712
04071219222501
01171819252910
09232425293112
04061416182606
04171923242710
04151624272803
07081113212708
01051213212210
03040525303104
11121420222914
12182122273211
05071219273102
06101316232415
08202530323301
02151617193008
06111214172201
09182526303211
01151625262910
03091019283309
04061416182905
08111318283310
07111419242905
03091520272901
04212331323304
06101128303312
01041922242515
15182327323304
03040717212714
08101214182814
05141621293012
08091920253216
05070820313311
09101314213202
01081119212408
05091315172113
04091922252915
02111930323309
02030713212408
04060714252610
13171821303315
02101519202107
09141723242515
08101517222912
04060710212616
07091317212210
08101620233009
01051014163016
01020506112314
08101416303101
06162127303205
02071416212914
12181923243010
04101617212714
01021422293307
05132328323312
01030408253106
07080917323306
01070809112203
06131424253007
04072223243316
03111519203107
03040611121508
07111618212202
12152025283314
02050914243309
04092127283312
02040911192215
02101117182210
08101112192915
06091617242516
06071617233206
03172325263213
10161921232413
09131528303308
14171922263102
01040511293014
02091419213004
01111820282901
02041218233108
02031213142511
05081213232513
03051418253306
02141727283108
06091524252609
03081721223116
02091516293214
03040508102206
02051517182116
01060717182306
04121322272916
05121719253011
01070919282907
02041217222514
01030713193216
01121620303302
01030613303112
03091122272906
06101217183311
08091215192210
02030506091707
02071622272802
05141617253007
08142224272910
02042025262911
05061921233312
01060910132508
01021119232908
02041012143008
06182223323306
03061114162915
04061417273009
05091119243213
01051219272914
03131819222607
02080910202905
01101820232901
05060814223108
12141719222408
07132425273215
02131720293107
01051011133214
01060910141611
16182023243207
14162124283113
03080910183304
02061219272813
14161719273204
09141718212515
11141722252716
03080920232802
02051115192802
01081113193006
02081720222802
01151621243003
12142831323307
02072330323310
01091011133203
09101415192916
05101725282904
05071518263003
06131720262909
01071216232804
01021322283009
06091116202911
01061117283305
02172024313304
10111526313206
06111617222701
02101221232712
05070817182414
05080920283202
01021024303310
05172122283214
05061415183308
13141623303113
05162223262802
02041113253301
03161927313210
03060911252909
04061329313313
01141520252911
06101114173306
08091116212410
06212223252813
03121820252616
03050609102714
10121323262911
01061320293201
06072226313210
01020512151613
07091015193301
03081422243209
04050811212708
08131520212512
01070916202306
07151625283205
10152023243115
02141516232410
07101617183215
01101129313313
01070917203308
04071016202203
04071417212514
01020308213109
04141517182015
03052223293106
08092425262901
02121619273011
01072024253304
02061015173113
13182025273312
06091214282909
02061119252604
01040719222304
14151617272808
04071016232510
08091013293001
09111618232410
10111215273214
02131721223313
05070916262907
04071026272814
07141519212807
08111415162607
01050722263211
11141618293216
03062129313205
12131718202713
01080922243303
04061617263303
05071218283103
05061112143314
01131526293012
13161827303216
04091117212506
09101921233208
11121524262715
02030413141602
01051322303107
05071014233101
02032024262709
13161722252710
07121417202305
03091216173104
04102426283209
02041116252612
03071722323310
01020710222607
01101518192802
01070816182014
09202425263204
02091018192015
02060916253214
01031827313213
06182226323304
09141518212616
01070916223212
11121417232701
08101419262912
05081117242816
02050824253114
06151821262710
01131718233015
01071319212915
08182028293108
01030520213105
01021722262704
04072125262908
06111319213204
01091019232709
01060810132716
03072022262902
09141520263211
14172527283002
13202226283113
02080914283007
06071618293205
15182022282915
02082527282905
05060816182212
09151619202811
02122024293109
12141927282901
10121422253315
05071719223111
09151921262701
01031321253108
01040613161710
04152128303104
06161723243107
09121420262704
06091326273301
06071011142209
02031117192108
08162224282905
07091214212306
06081326303214
09182123252601
09101619202612
01030423313213
07141618212508
02121922242715
01080916323313
05071617222304
08141618203012
01031019202711
01050708192712
04070913212601
01070814243203
04061523262811
04111218263212
01041121233112
02081018233108
16212426272916
01032021282912
05071116222507
05080912222807
02030512182701
05132227303310
10111520232912
07101922273306
01030811222806
05081116182704
06141516172210
10121319222603
03051128303301
02031320222415
02051419273104
01121418263207
02051223282901
14222327283112
01020816192411
01101318252709
06202829303112
03081925272802
13171920222511
13151920213204
01040715283216
07081519202413
16172128303215
08091623243005
09131422262707
09102021223309
01030811293113
05060823313211
11181921293212
08111522272903
07091115182507
06131618202213
09141720243016
01101423262801
08101722253312
11141820313314
13161820283112
05121420272906
02152429323302
10142425273204
02041214192506
03081015222912
07121416273215
07122122263101
02081018202707
01021422252607
01202224252616
05060820223005
12131417212504
06131617233010
01021012222410
09111322242605
04091922233007
03061019252907
02050714183113
04111217243012
04091228303301
11131517193105
06081221252901
12151820212715
10141922252912
03081019263303
08121415212715
06171820272915
03152122232815
04131920262911
03040709202203
06152631323316
03121322282903
01030718192716
03131920232603
12171821222404
07141723263109
05142026303312
01031012183001
04091217303203
07202526273014
02050815172216
03081314153004
06081314222710
09122428293002
01020409153312
01061319242816
02081012293101
06111619283204
05061016222611
03040811161814
07121922232611
03051820243211
04111220252815
04052226293208
05060818203208
12131518192109
16171823283207
03121417192603
13162225262714
03071318192005
09131820273104
08192328313201
08101120212711
03061118232901
19212628293201
05161922242502
09111215162013
06101112202512
01030616293207
07081322303201
01091719202910
02040823262902
01031012242802
01161724253214
02061525303207
06121415172009
09161724303104
02041218242605
01121920212516
09101112153205
02031011142112
03141618253315
01031430313208
02131720212607
04081422232807
02131523242906
06091517252709
06071012183110
01050912183212
06131421222416
06132526283101
02082529313206
01112123273306
03102223272904
01031924323301
05081014173013
01051319242711
05091118303104
08101927283116
04051322253004
06111826273201
02030708192616
09111516273305
05072831323308
02040714153204
06121415182512
01111617202614
05162022272909
06082022262709
07182023273113
03101417283302
09142223313314
09192130313204
02050621252809
02031023252809
15222324282908
07091214202716
09152124273210
01060820273003
02061217181910
07121726293116
04091117262713
05060821313314
03172123272801
04101819252702
05081319272807
15162122273315
11121314183313
02081018203312
02071020272903
01060910153214
07162024253007
01061926283003
01020517263210
04131517212415
01101721233012
06092324253313
04101227323305
01030712192006
03071516172310
04141828313212
01021120263014
03202326323307
02040509132105
06111620223307
02080916202207
07091624252906
09111420252615
15192324253203
01040815273216
05131726273007
06111222233005
02040826293308
02040524263315
07131527282913
02060809152914
05081925283007
10111223262916
10111415162407
08112829313306
06081820233113
01080914173201
05081622272902
03070810222312
01020317253109
04060812232508
04081012313310
02051022323309
02061516183215
01030411182214
09212526293113
02151617223207
03101219273008
02041114273005
07081213223009
02152123253010
01070920233002
06101626272903
05081524273111
05071520233015
04070819323313
01061424283212
01020510242715
11152022253005
01040813242705
02041214172415
15192328293304
04101315222704
01020407102304
08131623273108
08161921313206
05071620212505
04131423263210
02050810323302
05080914151907
01081415202910
10122024272907
02050915242511
07081824293107
04091115293106
02030923283308
07121320243105
13141819212806
18202223303116
01091322283211
04080915192509
05101324263104
06071220262711
01072224263110
12162022253104
02101622242815
02050810122107
01040617192603
01030410182904
02061022303115
02111223293105
01061422252612
02030614313203
06111423263002
03061623263014
02061623303102
01030619212907
01040809141513
01020415172214
05071819222416
03071423252708
01121620222408
03051425263005
14182125282910
03081420242612
01051120222402
01050616253009
03050613202207
03061314192806
07091822232906
11121316232512
01071016223309
05071023282903
10181929323309
07080915222712
08111319283106
09101219222916
02061112192906
05101819303103
04192227303301
02050616282904
04070818232402
01041128313216
04081014182011
01212325313301
01141520233014
03060712252607
12152025273102
08091517303206
07121415172001
08141618212316
01031215192314
05101719293212
03101416222311
04061627293305
06121315182613
04101125303101
02142022303202
01020811142109
08091522303316
09162125263114
08101519232816
11181922243207
11202122242715
04050611213110
02061126282903
01142325293003
01161721273016
14152124273212
02061322293108
05060914213302
05131423253102
01071011262711
02030509132811
06151718233011
04051114283204
01060714182616
03071018212412
05102023263103
01172428323302
02142024283216
21222528293008
01060711131505
08131418233306
04060914202914
03141620313209
02061217252812
01192526273310
03072021253114
04071114293212
05081520273013
06141920212308
02050709112716
06102325262905
07111213181916
05091315182605
01081126283104
07182429313316
01141617203104
14181926303111
02202128313306
02070809172911
13142025273112
05091012171913
05101723263207
01081720212203
03102123273311
11121319262812
06081315223306
09122024283107
11152021263315
01111218252716
03061126303212
02121318252707
03111216212309
06091014283005
03040611232814
07141921222303
12151621262916
11192226313202
04131619212514
04071214263204
02070914182805
03081114182316
01020914222505
13142021253307
02161819273014
21222324253206
04192022283306
01051122232615
07101117232815
08172426283304
01060708273010
15232425282909
08121819233203
01030813182316
07082023243213
06102128293112
01040608212407
05091217273006
03040625263001
10131418203103
06071216222507
01122025303102
01030411192302
01020410181907
05072023273104
03050609153214
01041011142706
04061822253316
07091012222607
01030620212601
05151719203013
07121316263107
04060813223211
04081325303110
09101112182307
02181924253311
05061016202512
02051011172105
01040614283301
09161719222610
01040912151805
08101720273001
06131719233112
04091516192710
02050613161903
11161922253008
02091415162310
09111420273009
07091213222411
03070815293013
02050915202410
03101417183012
14151722242913
04071320293303
01021216202603
06121420222409
04091821323303
05060812222403
04102526303306
02071721232616
01051016183103
03051229303214
06091214182714
01020410142307
06111317253207
06101619243316
04182021293307
04071620243005
10111221263309
01050920283212
01021720252813
06101120293213
03070814253206
02111415293302
01031426293309
02061119212805
02091522232416
02030619252901
04051318192501
04181924252610
01020512202201
05131821263002
10111823313315
11131621222302
01071424252808
05081825263104
01060916252609
01071516202714
01131924262911
05141722232815
08111517232505
08122122273109
03131416252712
03041826273301
06081419232511
05072022303210
13212427313201
09131419222502
03101114153202
01060809142205
02050607111512
06070819222302
02040616181916
05121718242812
21222431323301
01020910152206
02041112183213
03161831323312
01030610112916
10121525262714
03051115202309
01102527303209
11182023313215
01152022252814
11141618243304
05081011272811
04061528323314
08131718202713
03091322232506
02101117182916
03151723273011
03061819213101
01070810122401
06081519203105
05151925262915
04141623282903
01071723253111
06101315323315
04050608091811
13172021222701
08121619263203
21222628313207
01051019262812
06101415192315
02060913283212
01071022313215
02040508113002
10131921243007
07102123313314
05071416182101
01020314193303
11151620243104
05070911192505
04052428303309
04111819263204
03111718242506
02121323272812
02050708202704
03071121303307
01101415183113
01082325282910
15162127303304
03131519202714
02060810111713
04192226293011
08111723323310
04050710122216
03131518213316
04080913283304
09151921232915
09111522242603
01050709102016
02101316233208
01071214182510
09122127293005
06071114273208
05060918233111
02091323242616
15171922252604
01061213243213
06141617232907
01061719273114
02121622253206
03111825303314
03071012182910
03101322232815
04061011212302
08091013152809
03060913161916
04162225293108
07101115242611
01061115193110
13141719212901
04050608131816
07081221232712
04050709161806
03041420232701
03171924273112
07131623263001
01141922293116
12202425303312
06091115202610
01141720223204
04060811303311
03142024263310
06111619212501
06151819243209
01081924293004
02091315223015
01020612161808
12212729313304
05082022313303
12151920293214
09111318212215
01172729313312
01030609193116
03060820243207
05242729313210
07161922242802
06151726283103
04081418202703
01041418242904
16222426283106
04050709213004
13141521232913
02041416202211
02030608142204
07102124293211
09172728323308
05070809202202
05101218192706
02051419212801
05071218273211
03051824253109
03111214172609
07142223273008
01041213303208
01040921313305
03081216203212
04121421272912
01051617182410
02131517263301
02142227303314
02060823273202
07131922253213
03060717283110
01182226272808
07182022243301
03121417232701
01051921253315
02040911123001
04101114152905
01080913163301
03051128323301
12141525283104
04202224263307
10122731323303
02061521303102
04101519212302
02060817283006
04093031323301
02111226272903
02141729323316
02060712172410
03081216171908
03040709152607
01070911243216
09171920243104
04061114193307
03071621243107
01040622293003
03061011273303
12141517293312
07101319233106
02061230313211
08142023303311
02040911142205
10131415173314
08142427293309
05131516263209
02121519273003
01081317181916
01041012303214
01091214232712
09101320262708
01062728313307
02091422272902
02060918242614
02152326293002
04091415162911
09172629303203
02151727323303
11161722263204
03040510163209
05121720253110
01040610112816
03060814192612
11142227313209
04050717182901
04131423263109
02081020213014
02070810121607
08092224303301
05060817242707
02040715202704
05070811172213
15192728303303
01060913152214
02061416273107
02102022253002
04052021303308
10132728293108
01091015202902
01040918193106
12131424252806
05061518263208
01121820303205
17182129303203
02050915162709
03111314152613
07101221313201
02081516263203
10142425283311
07091622243206
01041113172415
01060718232415
02091011162902
01061216192104
06071622242513
02060711143103
01112425273007
07081617192407
02031521223316
13192526273208
04101719283201
12141823303202
01070912182204
04091720323315
03060811192808
02081329323315
02141516323301
03101925263102
01050723283012
02050812263114
09142123263203
01031112192607
02041017222514
05091420243008
08172426273104
10141722262705
12151622293214
01030721273201
09151821232608
02091317262807
04070923273008
12162126273210
03091013182604
01020406192115
09111213222308
06081015172604
05071113272903
04080913193312
03111320243016
10151618202706
03101621252712
03111416213204
05122021222914
14151822313301
01051314273315
02081117213009
01192526303112
03071617233007
01020509192416
02040615242706
11152023253310
01061226293012
02141621293010
02212326313206
01091112161916
01061218222403
04051013151915
10151727293108
03091617202602
01202326273215
02082125263010
06081122253302
05061112153012
01071516202307
10172425283015
09101925262908
04091022283208
04081016272909
06141920222401
02041115182810
03091124252816
10121517233205
06131620233213
02060914222504
06091722242616
02091217283205
01030710223211
01051124303203
01041220253202
05061416192710
07080910162707
11131926303305
01092228323315
01020304091012
02040621252903
12151724263115
01031819262903
16181920293312
05121626303113
03071214232811
01041819263107
08101516232610
01020515283304
08091114172916
08192226273007
01041112142304
03192223272907
02091020222601
02031318203111
06101325263211
06091618222911
02030708172215
07091426303104
06082224252601
02041221253216
01050714183307
02040724253213
01041119323305
05101623273314
03061418202601
06091216273106
04152125293306
06141626282907
03080913151810
09151829323302
02081423253206
12161724282908
01030607091102
04081724283313
10151725313206
02212223272811
01040610111802
06081417183011
03051319202503
05070916202608
11162326273305
08101517223012
08091327293105
06112125283107
01050815163003
02121314313306
04101218232501
12141820262811
01020611212611
13171924263012
05070916182706
02082124293113
02060724282916
02091823263214
05091022252708
02031718232401
05071417262813
01041415173202
05091321283306
03071316242901
04151722293203
04111322253201
02091016252808
08091019272915
03040619213014
07101416243316
07132122243102
03111216222810
08212223293201
05060917253316
09111318192814
01091118323314
10111720293015
04091218202301
12131520222510
04050609232409
04060815161816
01040819293316
02061926303315
01111923252909
04141824313215
06111820232605
01051115162915
01072431323308
01091516192115
01061822242508
04050914252707
12151621222901
03092123303206
08151725273010
04061526273112
01031024282913
05082223242909
01030518222301
03061113263205
04091125283304
05070911212801
05060711142002
06081014282901
02131619232404
04121516192606
01020713232412
05061214272808
04061624263316
02070810123103
05111523283303
09112425283315
08121724272813
01071114152611
03111213252812
01101318263205
09111718202715
07091213142916
02041222293101
05091524273009
10131525293015
01071720222815
10141522273209
01040714303103
02031719253001
11151824263209
02031017202616
10131524313202
17202223262806
05062125283307
04071022273002
04060814242702
02101215242708
06141718313306
03051721273304
02061418203113
03091011282913
01070812131805
04051216223015
04051215182807
06141519293105
01031822293202
14192023243109
19202327283101
07151620272907
05172021233304
04152127282910
08091524263006
08111819202401
01040614202808
01031219273110
01021619253108
03101719213104
02060915192816
03071014212401
11141516273209
12141923242701
05101626273301
01141923263010
04071719202416
01091113202909
02051315232607
04071014162609
07092122263203
05101113272809
10121517192008
05101518193205
09142021242604
06131517202103
02122123253108
02051617183006
05192428303214
07101216193116
03060915223102
01202223252816
02030709202113
04151719252816
12181920213215
06152324253315
04070829303101
02030407101815
06071314152704
06141627283107
05101920293114
06092429303207
07111617303216
05061420212508
09111422303201
03072224263114
01071115171906
07121719242502
07091014192415
06192425283204
03041015222402
14151819263209
05112022232909
03081013263208
12232426273005
01101122263207
04101114233207
05121922252605
14172631323310
08121319232515
02031416263102
01101320223214
09121316243204
02060710152005
03121416313312
05072122242914
05101121223013
02172023252708
01070821232906
03121718192804
02112425273014
03070814273009
05071720263114
02040718252610
03050814273308
02051117213301
07242729313215
10141823273315
08122127283311
02040926283303
01061114172615
12152026303316
06131423313301
06091819293306
16181924283201
01031618293306
16182021233305
06080917223111
04061213173116
09141823283102
06111420273009
01051321262915
07121524262906
06071319262908
04060927283302
04071518293301
05141516183212
06101415262912
05071519293315
01020425263010
08091013242902
03171819202716
01040515173109
01091517222316
05121517182704
04081121273001
04101123303214
08121314192005
03182324253209
07091431323313
01040821232411
05060913232508
03091517202206
02071529313315
01042527293007
08182022242810
07101620212711
21222428293214
06111316193102
04131418202808
03161719253307
04051013303114
02030406213305
01112324263215
02060715202115
04161819272804
09101218293214
06091214202810
01081925263101
06121315212315
17202223243101
03091115192816
01071317183115
04111319223311
09131518202815
02101113283101
03050817253101
13142024272902
01051519262913
06071820272909
08142627303301
04131718282906
02060711143308
02051518262704
02151926272902
12172227303102
06081719242805
10131620212505
05101318242601
02030712203116
01131517263313
03040910293313
03121824272901
10121422242707
02081517262812
03051013192906
01031826323304
05081617212512
01051417243114
09111324283206
08101415182208
08212327283301
02141921252811
06070916171914
08091819202715
05121317202714
01031316212703
07081329303303
07202223313205
03212530313311
06071318263106
02030713203010
02151617213114
02222629323314
01071112222805
09161822283202
02061016182213
05081825303206
01071516202516
02060813141916
02101214242605
05060922253103
05131820262806
03041923303206
04051318272912
06071617212204
03040722263006
06101422233313
06071823273005
02031421293208
14161923283003
05111820262812
10121719253113
06122628293215
01121718262705
02050619212704
10111819233103
05081015242509
03060917272803
04162021313214
01182630313303
08102227323308
05071017202214
03071224283308
02030716303106
07142729313305
06192026283301
08091323242605
02030911121715
01040910203306
13141819243009
08232526293112
02091417313308
02030913192809
09161724293108
01061213152406
10172023273010
05081220242810
02081522242616
03061221272804
06081725262803
05071423313307
02031024283008
05071423252702
02070914222305
22262930323314
03040508121706
01071420273015
05060910152612
03042023273213
08141518233308
02051017243203
10172226303311
02061322273206
09111719303111
01040611122215
11192324263315
04081720222713
01071112161804
02141720263314
02070810263106
01031219283214
11121518293302
12141720212602
03052531323304
05121519242606
02061024253309
01031516253210
02080918192103
13152428303101
03041518192209
07091422262701
06081419303108
05060912212207
01020409253108
01111516223115
04181924273016
07101216173012
09131417192703
11182324313313
08091022263212
02091517283301
01141826313305
08131527283111
01020926303107
16202226303216
03122425323313
10212425273207
06101214303112
03081617222611
08111826313215
01091419293015
02101114212711
09111419273305
05061215232504
01050915182604
01091013212810
05061324252915
10192325303112
01030526303216
07091020222407
03071825293314
01030608182409
06081013162813
02062025293316
05061217203309
09121322243104
01021318252703
07091516172609
02071621262716
02080913242712
02111417182808
01021119252904
01020319212815
03081324272908
02121625303112
07081418203005
10131522293215
02031718253011
11141527303304
10242628293116
03081922263214
07162021273301
08091217323304
04101722233216
06071420263201
03091115252701
04051014222503
05080917223304
05061113283007
03051021222610
03121719232711
03222830313304
12141921273111
03041114303105
01081112212303
02082021273314
05070916233015
12161722252708
07102122232411
02030611203209
05061416193212
03050709192008
02101924263315
10172526303305
01151620252705
03071626273216
04091017192009
01050813323303
09131718212704
05062023253203
07182021263205
04050607202215
08202123273013
01040710172314
11162021232404
08121620273106
01030718222815
01071014212507
01021022242513
03081718203015
07122024323304
04171920253204
06151724282916
05111216172008
03081214173308
04061617232411
02091114182606
01102225283210
03072124263010
08152122253313
04071819202506
02061327283213
03070811181905
12182325283304
01082225293310
09101325303202
01030411122116
06101118203205
02091219213104
05071417223206
02080912213102
01040506121413
08101823273102
02061229303110
11141819232602
02091222253316
02040514263214
04060714152408
02061725323306
02081923242603
02061011172915
07082126293015
02091519262802
12151723263211
01030710223302
05091320232806
07101115172103
07142122283307
08132025313203
02040607162903
05182024252606
03081718233108
08121317272913
01031425313307
01020610222815
01091822252802
01071016182716
07141623283204
06081718283005
03050910192214
08091222263213
01111317252903
01020719202101
06132021243206
04131820222805
02081928303114
01142021232706
03091218283001
07081022243207
03050818222801
03222427293215
01040614172208
05091421222612
02030607162604
06111227293013
01061217232504
01021316172916
03091429323315
01081013192913
01051521232715
17192023253102
03091819202611
03081017303210
03060915183101
07111724313212
13151619202410
03081112182905
01050711121512
06131722252709
04060914162103
02041418232713
04101213183003
03081020303102
04121724262716
13141920273005
08121517193008
09151821222501
12212327323315
05162324262904
02051719293304
03081122313304
01060813171909
01080923243008
03042428293309
04131723253314
01041112223016
08111625293203
04052324263111
07111824273204
03101119272807
01152022313203
03121416293212
02030406111514
02092627313214
01050711181907
01071013273303
05070916172915
02152226303304
02141517253011
01041318263003
14182324263310
02051320273210
01081318202616
09101319243201
01081217192416
04051115203213
01042527283303
01111527303301
02041316182016
05111718303113
03111521252603
04091019262712
02071121272802
15162022232914
04070817222615
01020715242912
04061321222506
02051122303310
02091117203011
01031622233003
02041122273210
05111316213010
02061516212311
03091617182216
13142022263202
05101619293204
02031718223316
09121315222611
10192026282915
03071727293204
10161927283009
01070817202206
07081418212711
09141617253311
02041112232506
04060716172108
06131722242911
07111318273111
04141623243014
06070913212705
04111524253315
02031216202914
04121518282905
03091821282911
05131718222311
04111316263015
07081618253214
11171820283010
09121324253307
10112227303215
12152123253002
09101214193207
05070815162306
04091415182515
05151625303316
04060730313306
01050608232801
03081014162103
03051825263308
05081314242612
01081618253101
05111316193207
03061120213102
06192023263309
08101215172311
02060809102411
06101719253106
07131923273312
03121619203213
02030708142811
02141924293313
02031016293301
01142122233112
16212223273110
03061927293311
09121518223316
01020304172201
06071017202609
06091013303307
05071021242716
02052227293312
01021014283103
04091516253014
02060709102006
04101112132401
06141825283001
06070910113209
06080913253114
02192122283001
02101322293316
06101314152011
06222427283004
01051017202205
05070819203107
02041923273005
02031521223306
01121823252807
02141725272905
02071027303311
03041220323313
10121419202115
02060912143008
04070815202115
06151730323314
08111415303205
03070810161905
03061820232805
04060914323311
10151617272912
06081014243315
11141518212413
02060810172406
02061415242608
01031318212506
04060818313305
06111221272815
03041719252714
02111417232412
09111224252610
11131719232916
15162223263204
07091112162915
03051623263114
05081317182902
09111517222614
12161725303116
05080910162105
04091617183107
13162125283116
02051516243216
04071824262808
04051722263004
02031015253313
01091417223307
05060917183103
01051114161908
09141828313312
03091113203202
08101315243116
01202125262710
02030819243002
02040824283109
06081720253310
01101116242603
06092326283211
01020407133207
06081025293008
16181920253113
07092324252610
01021819213313
03091213263209
02121316192510
03091517192803
02101819242701
03040713203003
01050814192306
03131418243103
04081021233211
05141719203307
03050913262912
01020509253210
08101423283212
02081123272905
10131423242715
02051722303306
01030412182405
02040510121306
02131523273116
02091213152403
01081520263313
11121518253214
05071224262802
01030508223308
03040910152216
01020406223010
06131719243108
08091422283004
02061112133315
01050718303202
05060921283016
03070809183210
01202227303310
02062223242815
09131927293001
06091627313310
03061319232510
04091015192612
02030420313204
03050716202408
